data/ago/ago_beta.asc
ncols	277
nrows	308
xllcorner	-540299.14387948
yllcorner	7980296.7276279
cellsize	5000.0
NODATA_value	-9999
[rows 144 to 167 of 308, columns 108 to 161 of 277]
0.08316609825396963 0.08592114017366903 0.06928630185910101 0.06570636429928346 0.08991830708845032 0.07804500436491024 0.07954854712849581 0.06618559460966038 0.06347889395981934 0.06228757026638925 0.06336945591114097 0.06909444935864767 0.07299113049253732 0.06712478694354106 0.08007091085869872 0.065201977549118 0.05090780688134656 0.050995117658849246 0.0 0.0 0.0 0.0 0.0 0.0 0.0 0.0 0.0 0.05290567427315314 0.052483743842925146 0.05064089192534292 0.05065290223125933 0.050375866293486844 0.05050167897874867 0.05080333226368374 0.05081303405654025 0.050696616380948904 0.0 0.0 0.0 0.0 0.0 0.0 0.0 0.0 0.0 0.0 0.0 0.0 0.0 0.0 0.0 0.0 0.0 0.0
0.09917013216393725 0.08523376062722245 0.06955784220437063 0.06518857864531129 0.08295615888430052 0.08806836041136207 0.06413271518993459 0.07156722414869245 0.07434523414829024 0.0 0.0 0.06839310104416457 0.07220807318484657 0.06665990413746088 0.07448594383385711 0.06635978870462236 0.06683017827000169 0.05473813404406069 0.05433491745438997 0.050621035080349125 0.0 0.0 0.0 0.0 0.05105768383964822 0.05063673286195491 0.0 0.05049602150359034 0.05047735896840471 0.05178420311174727 0.050545714535449 0.05086457141312868 0.0506966485915806 0.0 0.0 0.050697937820123155 0.053066796891198226 0.0 0.0 0.0 0.0 0.0 0.0 0.0 0.0 0.0 0.0 0.0 0.0 0.0 0.0 0.0 0.0 0.0
0.09861541917567514 0.09054526771024739 0.06415477017845342 0.06669518180467023 0.08832146662800279 0.0892403068344221 0.06713606369449246 0.06751259907298725 0.07400210974967873 0.07592121596708382 0.0 0.0 0.062005579694319565 0.06158538842952803 0.07501472787530186 0.066614008087112 0.06602068879995363 0.0 0.05756719198242905 0.056824361072933344 0.055502904454362956 0.0 0.0 0.0 0.0 0.05085276403813086 0.0 0.0 0.05040136578636127 0.0530375196032481 0.05059459961240473 0.05052270549624588 0.050544084544525796 0.0 0.0 0.0 0.0 0.0 0.0 0.0 0.0 0.0 0.0 0.0 0.0 0.0 0.0 0.0 0.0 0.0 0.0 0.0 0.0 0.0
0.1012444391902345 0.09680499554518104 0.09089424534008267 0.07018033171011015 0.08283651198187793 0.09512686989258097 0.08101331952846534 0.06464586255269811 0.06331544093591596 0.0 0.0 0.0 0.06437533509556649 0.06295681672580723 0.07551120537443864 0.057046748427002886 0.06545268780184942 0.0 0.06631036217847795 0.0592874703640055 0.05302400501841668 0.0 0.0 0.0 0.0 0.05075531282689017 0.0 0.0 0.0 0.05933088695246469 0.050566201010390235 0.05044347001868035 0.0 0.0 0.0 0.0 0.0 0.0 0.0 0.0 0.0 0.0 0.0 0.0 0.0 0.0 0.0 0.0 0.0 0.0 0.0 0.0 0.0 0.0
0.08128050160171424 0.0826362458850681 0.06731471795229117 0.07648675665612656 0.08616461707182647 0.08423743816132796 0.06545452101218847 0.06335482974341372 0.062355759675864 0.06945539489261482 0.08125979254119423 0.06227989846265565 0.06009393717842431 0.06467405687861205 0.0763247408769879 0.06996738129213312 0.06228866262203739 0.06416325972011623 0.0615774168060921 0.055526212827829435 0.054757899552517614 0.0520020653602987 0.0 0.0 0.0 0.0 0.0 0.0 0.050576212419232394 0.05064513257529469 0.05105198685657405 0.050842474741945864 0.05069337494782659 0.0 0.0 0.0 0.0 0.0 0.0 0.0 0.0 0.0 0.0 0.0 0.0 0.0 0.0 0.0 0.0 0.0 0.0 0.0 0.0 0.0
0.06691597123581354 0.07026880397287075 0.06840344088084092 0.0821190113908333 0.07068853585798504 0.07438757057104509 0.06891988110763421 0.06774500781175928 0.06604261717908244 0.06846020223212529 0.0629621175090243 0.062174410955504224 0.06359021088536282 0.06096663300277752 0.06528076144973186 0.05452441924010122 0.058398445135557156 0.06123367931401398 0.05204863930824372 0.0696116639700097 0.06565082997740976 0.05512415345898841 0.05076226038348482 0.0 0.0 0.0 0.0 0.0 0.05053327657463695 0.05056809831220895 0.0505387525761876 0.0 0.0 0.0 0.0 0.0 0.0 0.0 0.0 0.0 0.0 0.0 0.0 0.0 0.0 0.0 0.0 0.0 0.0 0.0 0.0 0.0 0.0 0.0
0.08076668525273718 0.07545482428756298 0.06341008674425248 0.07465786279386764 0.0753510777339427 0.06968563567777745 0.07067279082431571 0.06476435181327483 0.06555832285897964 0.07566605045992936 0.06453167012454977 0.06266634917152321 0.0773641712368812 0.09633683348216257 0.06439147006469786 0.06049676506399752 0.054790166178445274 0.05694533278472048 0.06065942433780827 0.060860622123318144 0.07460857226741603 0.06539639241020798 0.05597748760233405 0.05083600263186756 0.0 0.0 0.0 0.0 0.050435864786895004 0.0504913625601925 0.05069755264112443 0.05065459178368847 0.0 0.0 0.0 0.0 0.0 0.0 0.0 0.0 0.0 0.0 0.0 0.0 0.0 0.0 0.0 0.0 0.0 0.0 0.0 0.0 0.0 0.0
0.0752826814226564 0.07958161311188806 0.07592779052322807 0.06881677581743194 0.06779274628318845 0.08037963930471874 0.07418700358956848 0.062152127191978816 0.05544488421316435 0.07573129060052584 0.07899705749067644 0.06324843165860593 0.07791338293043638 0.07610389294703727 0.07168242364790885 0.07250683599010231 0.053545640598328004 0.07296289544040122 0.06753443998078683 0.0643533415913389 0.06691180639268549 0.08707534542834032 0.05694708172321127 0.050661638719193755 0.0 0.0 0.0 0.0 0.05043520711884287 0.05050749284304206 0.0 0.0 0.0 0.0 0.0 0.0 0.0 0.0 0.0 0.0 0.0 0.0 0.0 0.0 0.0 0.0 0.0 0.0 0.0 0.0 0.0 0.0 0.0 0.0
0.07696125962289961 0.07080973808975709 0.07281109696963542 0.0712811366086878 0.07379967522420301 0.07554076355225467 0.07064581413315366 0.057939234521308045 0.05817350805277533 0.06822010911550527 0.07248152175762024 0.09211338101194007 0.08402036679817905 0.07481053068061683 0.06298896787449777 0.06684974359643642 0.05420136984521411 0.08675998856742628 0.07692523410941991 0.06703725264067979 0.06875656795499864 0.05415458304900761 0.05195509723663842 0.05059408128777907 0.0 0.0 0.0 0.0 0.0 0.0 0.0 0.0 0.0 0.0 0.0 0.0 0.0 0.0 0.0 0.0 0.0 0.0 0.0 0.0 0.0 0.0 0.0 0.0 0.0 0.0 0.0 0.0 0.0 0.0
0.07969502860366055 0.07239845077034213 0.06676168468454903 0.06671776906682104 0.07550365202369516 0.07437692000939018 0.06897464688848744 0.07612003081928521 0.07918165466492007 0.05914414323816177 0.08576891309876619 0.07788919093281735 0.07160014683746052 0.07192994840374928 0.05199511882369405 0.05102526719994137 0.053447189054333925 0.08006419188576776 0.09598080462655671 0.08779831874999798 0.06895749810840347 0.06637270010525513 0.05991315221406757 0.05066626658895587 0.0 0.0 0.0 0.0 0.050698213759432495 0.05078494583007276 0.0 0.0 0.0 0.0 0.0 0.0 0.0 0.0 0.0 0.0 0.0 0.0 0.0 0.0 0.0 0.0 0.0 0.0 0.0 0.0 0.0 0.0 0.0 0.0
0.08046555025504687 0.07532678056439328 0.06317664694898958 0.06316360739468892 0.07601004299358792 0.08584982361065682 0.0726489612602058 0.07857434958000808 0.07486478107246443 0.07123732512446068 0.07414928639908035 0.08155639070448799 0.0740390840733673 0.07152586044057296 0.0682865718769005 0.06694679714762188 0.06733098239878321 0.07978155303667583 0.08351614839923141 0.07338829367877969 0.07386161063399972 0.06148546836378891 0.062490415304565124 0.05046769464309377 0.0 0.0 0.0 0.0 0.0 0.050602294471418785 0.0 0.0 0.0 0.0 0.0 0.0 0.0 0.0 0.0 0.0 0.0 0.0 0.0 0.0 0.0 0.0 0.0 0.0 0.0 0.0 0.0 0.0 0.0 0.0
0.0682739570417711 0.06888512067575485 0.06834310279072672 0.07917508107545534 0.07865354164605665 0.08253456383113973 0.08595546617525288 0.07188281829022253 0.07261999710664963 0.06854826060649759 0.06609512642969453 0.07014472769727687 0.07483153154263592 0.06962801776447503 0.06482764437243717 0.06779677555262202 0.06934748227754327 0.07742357581435744 0.07375316554542698 0.07366503966928074 0.0681269551583051 0.06630323972709529 0.06678345752928411 0.05084475779204185 0.0 0.0 0.0 0.0 0.0 0.050601461446116325 0.052293587203306194 0.05053831294919043 0.0 0.0 0.0 0.0 0.0 0.0 0.0 0.0 0.0 0.0 0.0 0.0 0.0 0.0 0.0 0.0 0.0 0.0 0.0 0.0 0.0 0.0
0.07451116216870805 0.07133921398703787 0.06456701298130033 0.07416288745936626 0.08486458721983822 0.07683190635892498 0.07946492729591144 0.0797376051366186 0.07188071286269522 0.07231171460568066 0.0754179982845504 0.06493213061747191 0.06861461803873353 0.0698521040299303 0.062425785446394474 0.07358316140934118 0.062323538313837 0.07921334281261083 0.08608915766374246 0.06941682870102077 0.06810743652144433 0.05624371639052595 0.05896443333419421 0.0590551677932523 0.0 0.0 0.0 0.0 0.0 0.050739967271925625 0.05063035541449316 0.053146739894243525 0.05054847959279303 0.0506987530584465 0.0 0.0 0.0 0.0 0.0 0.0 0.0 0.0 0.0 0.0 0.0 0.0 0.05016122957399125 0.0 0.0 0.0 0.0 0.0 0.0 0.0
0.0732829534481758 0.06813970400716432 0.07484762925576194 0.07450443149860761 0.07594262226644873 0.07445850836348736 0.07570678794240206 0.07360560357614362 0.07743518420380475 0.07893220750661076 0.07861689201822764 0.07939138196083222 0.08155050503736966 0.07336834579059118 0.07163210498707405 0.07111911179551716 0.07286091246000896 0.07524108810230623 0.06891563378895865 0.06875081990327393 0.06823799055998707 0.052537202871975004 0.05704240082285657 0.055453443737805565 0.0 0.0 0.0 0.0 0.0 0.050564611489905334 0.05475796726968596 0.05680328154693372 0.04969368484120955 0.0 0.0 0.0 0.0 0.0 0.0 0.0 0.0 0.0 0.0 0.0 0.0 0.0 0.040254281265769326 0.0 0.0 0.0 0.0 0.0 0.0 0.0
0.07124448644409674 0.06846612977192088 0.07591463059624792 0.07392677988907091 0.0740157831650614 0.07173885630093413 0.07382626270899044 0.06950054204302 0.07316395901386463 0.06891430067287914 0.07497936918691192 0.07461798364769869 0.06487871620759211 0.07008500358249448 0.07368434171477684 0.07275356042338851 0.059775754801543984 0.06279854946873566 0.06455863081586675 0.07450412795763472 0.05323319169222082 0.054739362185712716 0.061368774795409683 0.05405197301478859 0.0 0.0 0.0 0.0 0.0 0.0 0.05061693116838059 0.05190625018765502 0.053175454504070505 0.0 0.0 0.0 0.0 0.0 0.0 0.0 0.0 0.0 0.0 0.0 0.0 0.0 0.0 0.0 0.0 0.0 0.0 0.0 0.0 0.0
0.08304533854291885 0.06911197313873906 0.06636753327412744 0.07226786960605204 0.07499061858458414 0.07160062696074455 0.06545995578683246 0.0707345483479628 0.07023131818520957 0.06962758630163375 0.06608681749823787 0.07664168241073745 0.0696852505262008 0.06707768827035587 0.07212308725124408 0.06587251658641109 0.07113642101492608 0.07200847695527593 0.06687691856648262 0.06631655140715115 0.0657303573690294 0.056378214471812925 0.0668144563890738 0.050448084343853714 0.05049322836654739 0.0 0.0 0.0 0.0 0.0 0.050580924665106684 0.0 0.0 0.05019191828444591 0.0 0.0 0.0 0.0 0.0 0.0 0.0 0.0 0.0 0.0 0.04669403802775447 0.04850161365988974 0.0 0.0 0.0 0.0 0.0 0.0 0.0 0.0
0.07438032248362032 0.06997685745294957 0.06836432127881034 0.0694990050280548 0.05445557790991899 0.05964308758649801 0.06349761524429921 0.06589053655763165 0.07062677636773815 0.06616936907499614 0.07244201721427086 0.0733664803348715 0.06968278647573188 0.05955220049357866 0.05833317705190623 0.062014932317217136 0.06448077381186491 0.06917381075590677 0.06284792826951159 0.06765533728179282 0.06795770423659643 0.06643437710626465 0.06113100937016848 0.051295578148909046 0.05047549213588746 0.0 0.0 0.0 0.0 0.0 0.053238591586654165 0.0 0.05634185366359437 0.0 0.0 0.0 0.0 0.0 0.0 0.0 0.0 0.0 0.0 0.04442361153643462 0.056989610978333126 0.044685145739290215 0.0 0.0 0.0 0.0 0.0 0.0 0.0 0.0
0.08238092647121058 0.06593192234390463 0.06980020880040236 0.06261978539613287 0.06197455076609907 0.062470899992276806 0.06362390233586822 0.0670165914196433 0.06349068397161106 0.060972854298737354 0.055950938108359535 0.06491427416970429 0.06979479814630633 0.058380466641740784 0.05827633929768582 0.059147178618964825 0.062257273305802475 0.06489119822791034 0.0650283033116359 0.0672780182907196 0.06490921963839325 0.06174215684054725 0.06176144173008274 0.05648614970586018 0.05030907867561945 0.0 0.0 0.0 0.0 0.0 0.0 0.0 0.0 0.049411356280572194 0.05340979307456345 0.0 0.04846918759980294 0.0 0.0 0.0 0.0 0.046894262552659244 0.0 0.0 0.05742576051470018 0.039250679068158614 0.0 0.0 0.0 0.0 0.0 0.0 0.0 0.0
0.0683129471043537 0.06226532608466838 0.057334852352663807 0.06532647642036545 0.058034223835267094 0.06974776945121627 0.0615054887000135 0.058559871529316805 0.059642972713151915 0.061560660179793995 0.05988838495372068 0.06307060718507254 0.0627039354340923 0.06320283232713624 0.0615549493728214 0.061738899378081906 0.07430541585884387 0.06463066483403293 0.061588978977048195 0.06172028824546964 0.06176530744893641 0.06556760314920829 0.0613392897575601 0.060638428132764315 0.05033335576479913 0.0 0.0 0.0 0.0 0.0 0.0 0.0 0.0 0.0 0.048512671419786074 0.0 0.0 0.0 0.0 0.0 0.0 0.0 0.0 0.04920183892640385 0.046316839163483524 0.0 0.0 0.0 0.0 0.0 0.0 0.0 0.0 0.0
0.07295518963805987 0.06414008125069494 0.05502757487630523 0.055977949283596874 0.061111275820591456 0.06596050490635078 0.059175003606411106 0.058888041853789735 0.06514867263699167 0.07145076148277932 0.06034646414624374 0.06544282898700197 0.05661680074104643 0.05623929658684274 0.058430473200744536 0.06050986426286236 0.06031117886524005 0.06576248194266102 0.06567686071281122 0.06387744841748663 0.06596393810001067 0.0645594542038204 0.06195960060027871 0.06850779618217014 0.058973174637075375 0.050404358452831255 0.05046609677906504 0.0 0.0 0.0 0.0 0.0 0.0 0.0 0.05041631264056731 0.0 0.0 0.0 0.0 0.0 0.0 0.0 0.0 0.0 0.0 0.0 0.0 0.0 0.0 0.0 0.0 0.0 0.0 0.0
0.06614737533968419 0.0716925754341544 0.06247431851224864 0.058673261081579185 0.06029718055652938 0.07229520039382534 0.053570230890734795 0.062418888881590154 0.06511754651501962 0.06940501536819495 0.06455949371606771 0.06571395871662516 0.05227891032361554 0.05441089944947307 0.056302948315973884 0.06563313054672974 0.06808454042706648 0.06848329733642043 0.06385447410076593 0.06363876616967223 0.0642846120738182 0.06266398091505937 0.06122401570065216 0.06336032138050494 0.0573092265937484 0.05857079599033332 0.05718051069353518 0.0 0.0 0.0 0.0 0.0 0.0 0.0 0.05592877183653604 0.0 0.0 0.0 0.0 0.0 0.0 0.0 0.0 0.0 0.0 0.0 0.0 0.0 0.0 0.0 0.0 0.0 0.0 0.0
0.07140922373688323 0.06415972158040247 0.06641414353043898 0.06476709865700074 0.06836726362920494 0.07692832781330589 0.062334314552157356 0.06297081070712818 0.06509708599494576 0.0642871764445815 0.06784360237818612 0.05313523239211117 0.050885456891060006 0.05367769809944143 0.05511352111625877 0.06334480273360445 0.0578212412079469 0.06394273995672445 0.05785063716097575 0.06726145476831757 0.06328993688915323 0.060531123204874894 0.062053367836938454 0.06923175046150636 0.06782064548988354 0.06606548692136217 0.052188326588347364 0.04088267933262365 0.03897149557726512 0.0 0.0 0.0 0.0 0.0 0.0 0.0 0.0 0.0 0.0 0.0 0.0 0.0 0.0 0.0 0.0 0.0 0.0 0.0 0.0 0.0 0.0 0.0 0.0 0.0
0.07485829886676565 0.0679491960570249 0.06340091265013965 0.0672321791315806 0.068071728893443 0.0756800680891824 0.06602566284378535 0.05744651091612089 0.06220372184997514 0.06456727807521398 0.06994324186444724 0.05161565429868622 0.048721323489304476 0.04946073018472222 0.052542617056765925 0.06727745325589836 0.06506578890161716 0.06354682262554222 0.06687161568780109 0.07310284964948377 0.06973283618929912 0.06660416993135004 0.06068555262871574 0.06548199175347354 0.06626092973002877 0.06816813817001165 0.056864500959766376 0.05436155866447409 0.05518896494270604 0.05474186533855516 0.0467548252412833 0.0 0.0 0.0 0.0 0.0 0.0 0.0 0.0 0.0 0.0 0.0 0.0 0.0 0.0 0.0 0.0 0.0 0.0 0.0 0.0 0.0 0.0 0.0
0.08218383544183794 0.07915253177432342 0.07384638381928488 0.07182750502028687 0.07191813300743714 0.07407599065528779 0.05727092774777663 0.06009096659900394 0.06611525580803372 0.07036765168622869 0.061707417965952395 0.05334069561173376 0.05327259754810941 0.054145502581410855 0.057645661005517074 0.06505529640231689 0.06828121435753245 0.0675077302414548 0.06458587793126169 0.06743465703449754 0.0631306748287398 0.06202556783413408 0.059749890493240025 0.06028899974986469 0.06029379779550234 0.06935396788325679 0.0668890460218888 0.06087566471326913 0.052157881838837974 0.05323137634213512 0.05648514828570131 0.058254391448849585 0.04366615873916419 0.0 0.0 0.04627983222395843 0.0 0.0 0.04342925477063165 0.04488880771214677 0.0 0.0 0.0 0.0 0.0 0.0 0.0 0.0 0.0 0.0 0.0 0.0 0.0 0.05043260625330757
