data/ago/ago_beta.asc
ncols	277
nrows	308
xllcorner	-540299.14387948
yllcorner	7980296.7276279
cellsize	5000.0
NODATA_value	-9999
[rows 48 to 71 of 308, columns 54 to 107 of 277]
0.19445939768657763 0.2549735430596627 0.13071419072090673 0.1715888134692763 0.697508429334324 0.18903353815638932 0.2753672226249718 0.2448892591475613 0.23070803260176403 0.20966939306296364 0.21499129761989821 0.28274011799261933 0.2892271290439416 0.15409251538660182 0.23125559889057948 0.17280911899502135 0.21449998318238478 0.508898197788701 0.1974591045598212 0.23334985868576455 0.2730519598738733 0.34104340346537526 0.0 0.0 0.0 0.0 0.0 0.29079854912708647 0.258655846948482 0.0 0.0 0.0 0.15013937292236135 0.1309455808011641 0.16271803166310475 0.22240354303514454 0.13485811295647107 0.1410067897400259 0.19129893569849424 0.1374397535694954 0.1620608907007676 0.14185003491915157 0.17246170709914793 0.16450343186657668 0.23189716493600945 0.30687205908262044 0.18440935658007881 0.21273919910897407 0.18511817842343056 0.23756764097553051 0.3254909859618178 0.28053444511325415 0.21256203343533855 0.184338556043615
0.23198281132062884 0.3310428259865055 0.19298896022255907 0.14122916878396713 0.1786787194413852 0.20138809419329773 0.22958908512068743 0.22352529184408168 0.35273285134401144 0.22120215067484755 0.23987359482586584 0.35276017916072755 0.29070673113072143 0.15848798986156917 0.15966944774869252 0.3130615209442593 0.0 0.23217843111983724 0.23263050308575822 0.0 0.0 0.0 0.8281047205280854 0.0 0.0 0.0 0.266857013999508 0.0 0.18358216378002848 0.15557848589982223 0.0 0.0 0.0 0.15088009801316624 0.18743451823613072 0.17945671839347435 0.13654265326577097 0.1634069682220646 0.2632487013871344 0.26832175585476215 0.2381001389031084 0.16228737607397753 0.14453523247871447 0.16713191594487814 0.27328300808432376 0.18356964138687748 0.19976417321201737 0.15587632150777178 0.13697832169028115 0.1892727467231782 0.2629042207109582 0.1996146883061496 0.1509158502306457 0.1852476191057483
0.13162437771621824 0.11529989752957027 0.20671390677130105 0.1484355169124193 0.15894253402236394 0.17264590133506175 0.2493540070772465 0.3150276618728495 0.25154339834351885 0.18006059883410153 0.3348472174362512 0.22648273325207957 0.2630266154345941 0.24829669029670418 0.3410899756125772 0.3665343842685492 0.36117355822781144 0.3383105383031038 0.2980391655345664 0.0 0.0 0.0 0.3142729510340668 0.6947970335889627 0.0 0.31430071759134603 0.19754367131517425 0.0 0.6479143321111351 0.2204107744952531 0.0 0.0 0.0 0.14489631721433419 0.17067006778293198 0.16348680216355896 0.12175124403076758 0.25249969783350606 0.2412465406620113 0.33132694382324085 0.2343176732049468 0.18706933232953743 0.21920841963164078 0.1377219975282937 0.173133279999269 0.16920953152395704 0.15316111513825456 0.19282562068400766 0.15278888367114338 0.1957064274773097 0.24489112724122186 0.24980991818582463 0.2165265331727367 0.13639140465868207
0.13256924241447152 0.0 0.0921800590639395 0.20818923143862786 0.1488028787713472 0.16694247016275382 0.26284859237117747 0.25019869534517014 0.3456161603101379 0.20952217917126584 0.40485173554263926 0.0 0.0 0.0 0.44611250976700234 0.25109454369891104 0.1889755146912883 0.21079479537349813 0.2154762537620088 0.0 0.0 0.2531242118134343 0.2499979460352103 0.2749570558347997 0.4101012473821429 0.29495117702044304 0.0 0.0 0.20560690687133415 0.19257468064186106 0.0 0.0 0.0 0.1505140929678621 0.19101504464137212 0.19669724913018694 0.14544330289571045 0.16520974823642912 0.19765007117784483 0.249578864261963 0.17441071142982834 0.1574801726684225 0.20361755007312315 0.1948262294984375 0.12738575886919493 0.13494312372333692 0.119914954002722 0.23079582103685956 0.20647723051069342 0.23992798399276255 0.1882744252624376 0.29891510293322116 0.23948692650730297 0.1939540112003059
0.11271831488623815 0.22000525986470615 0.11899034957946517 0.11339524875882039 0.15682050088050842 0.15466099982690845 0.19420075005452905 0.21954768003584052 0.23579709565591814 0.6099268018557181 0.0 0.0 0.39023079029794117 0.0 0.0 0.21511281593984985 0.24854720883291362 0.21766022962545892 0.28618536843244086 0.27876816020911244 0.26244983139532285 0.23454457422899097 0.2640191508580425 0.23151017897695758 0.2166705247217941 0.27240937192865633 0.0 0.0 0.0 0.18021909785611376 0.0 0.0 0.0 0.14471120713626093 0.1762016161409267 0.21130410631286706 0.0 0.38134895171255345 0.2010225453887215 0.20944421686210787 0.18349437560519166 0.16465674206419592 0.17692963258690386 0.1404621014867038 0.0 0.0 0.13053167786011702 0.2592701414951722 0.16712390749480072 0.3351701303762082 0.23699199299427057 0.26333477106558323 0.15967176535842845 0.19456019550259432
0.20395771056646222 0.22108402847030892 0.0 0.23405137898183814 0.17036475326316688 0.16266757327247566 0.0 0.0 0.0 0.0 0.0 0.0 0.5500516483415342 0.0 0.0 0.310249121132633 0.46252367851095305 0.0 0.0 0.0 0.0 0.0 0.17583336064386992 0.12073045208818821 0.16137659122208622 0.2193828169705252 0.0 0.0 0.0 0.0 0.0 0.0 0.0 0.0 0.20184204021330931 0.1851613786028397 0.15406994001298582 0.14844418745138283 0.15978102993416668 0.2686841107922902 0.1878177885430538 0.13096358794170804 0.1293642015476425 0.20526249727922719 0.0 0.12546853933451646 0.10663238902019133 0.1375203786218661 0.2465171498201043 0.0 0.0 0.0 0.0 0.0
0.10377365627754585 0.25717838423871264 0.24671666627508712 0.23070910849380022 0.42427769619386424 0.0 0.0 0.0 0.0 0.0 0.0 0.0 0.5492363011562303 0.0 0.0 0.48589960860931386 0.16060308616181 0.0 0.27343283634365656 0.0 0.0 0.0 0.0 0.0 0.22884249022229167 0.18810168772887687 0.0 0.0 0.0 0.0 0.0 0.0 0.0 0.0 0.1808596564322733 0.1846439197405304 0.189008069657187 0.24071133047028656 0.32860066631498686 0.15614802836957703 0.14817612198624477 0.13963404803135135 0.14640544723402166 0.1428776226049919 0.0 0.09513035940487188 0.13161848766289747 0.1396012426065711 0.2674101058809283 0.3124344636339212 0.0 0.0 0.0 0.0
0.0 0.1984916536593403 0.21243745450370335 0.09932387776758982 0.16723922061544633 0.0 0.0 0.0 0.0 0.0 0.0 0.2922555063814802 0.6618914380741145 0.4563218104001661 0.39006861912130697 0.339330464469506 0.19017793162558774 0.2646443546768356 0.26461119293764623 0.0 0.17885866609342535 0.16517286977814738 0.0 0.0 0.0 0.20337254865723098 0.18560348347847458 0.0 0.0 0.0 0.0 0.0 0.0 0.0 0.12785871468038637 0.15368421673257618 0.14073923214834538 0.14468103880248795 0.16633892314975204 0.14381847634470254 0.1459498577625967 0.14427478060829219 0.17756072918607857 0.18350982143711467 0.15909448891026917 0.16182159132699078 0.16971648204707543 0.14421332402647846 0.6878031663415947 0.19803119852731677 0.0 0.0 0.0 0.0
0.08514122782636704 0.15594149464783796 0.14444759505089935 0.0 0.17156355588537625 0.0 0.0 0.0 0.0 0.0 0.0 0.22011646503044835 0.2136212481123268 0.29651004217364313 0.23022236292829026 0.23566644756682167 0.2566542868021721 0.26212930353765057 0.25484957023028043 0.183268139101486 0.25272412663546096 0.0 0.0 0.0 0.13429597820512046 0.13348392687771105 0.18292322327593577 0.18577470730205037 0.13314013201850666 0.1431400530992132 0.12396689187671554 0.0 0.0 0.0 0.12885272477934415 0.1528844921595517 0.1355976328665604 0.14690869709441828 0.15349964902264948 0.15448231897077233 0.1608780537584371 0.13577192983609762 0.13209187578652815 0.1363168343800212 0.0 0.12681833868853373 0.14738487278612006 0.17480610904140373 0.0 0.0 0.34514428619873766 0.28080023635539153 0.0 0.0
0.17878643075800216 0.0 0.0 0.16065314426564264 0.14256279945776767 0.0 0.0 0.0 0.0 0.17998643035100964 0.19176202771621595 0.18880443980225775 0.24793452850310116 0.20473827459899285 0.26314484291270784 0.2718852531281646 0.19889453139149968 0.23833941108454612 0.24156948198019285 0.13586792716612234 0.0 0.12885294653490625 0.0 0.0 0.10116074666020794 0.1394851767266786 0.16500586550317678 0.16722082299589786 0.1466721622961472 0.13444466218132364 0.14904755906829434 0.0 0.0 0.0 0.0 0.14224283168736604 0.1986993978478713 0.15751081983066012 0.19003868440574959 0.12553770736476028 0.17581882501967735 0.15505653176210915 0.21870388254850298 0.1633194008654937 0.0 0.11340242653281966 0.15032608692569507 0.2355705274804671 0.0 0.2074889098035875 0.24210669212494168 0.20087188039559872 0.0 0.0
0.0 0.0 0.0 0.0 0.15171942421730655 0.0 0.0 0.19287851374070655 0.16675011628964617 0.19130346580565047 0.2055116148877941 0.22226138810111198 0.24937958011181935 0.21299346575907416 0.21757375313540953 0.20488125092311216 0.336485061643779 0.21972048265151603 0.2757053783952547 0.49252270912011176 0.18118360253936877 0.18774496409497524 0.14442649302257574 0.0 0.0 0.15081802548733378 0.17567978506072984 0.15485470027652395 0.170627200499394 0.15374014115152002 0.13411236268481935 0.0 0.0 0.0 0.0 0.0 0.14441402323216873 0.16279335349005114 0.13996031648762888 0.1411908733340736 0.12497503748283144 0.17429296988357126 0.1566440547963453 0.14906504639115675 0.15954999774514414 0.1249795726090894 0.15471616587709178 0.2865639250564639 0.17534924675583138 0.27769187202603457 0.22439875596314057 0.15459085595834718 0.1814128228016935 0.0
0.0 0.0 0.0 0.0 0.1481093437524299 0.0 0.20642321239124894 0.17865984042341393 0.20004143947496764 0.1922833608460457 0.0 0.278866438283419 0.256843722940155 0.16774683768808651 0.18007640000608244 0.17510568379614483 0.17224580066476014 0.17677949513297966 0.153743519185593 0.18527171176387777 0.17940832807406784 0.1385866329967242 0.10618958424813264 0.13424712286175264 0.0 0.1138170293138733 0.14750132394290352 0.13176529764360273 0.17342912602621538 0.0 0.0 0.1436340460486075 0.0 0.0 0.0 0.0 0.0 0.0 0.16231501774461732 0.13651909117067557 0.12054662855285667 0.1720168070908409 0.1382574371113016 0.2028386963261845 0.13379559940051297 0.15257899432022243 0.13946114023254388 0.2221404175139282 0.0 0.24551130740569516 0.14056063449101291 0.1452497479489517 0.0 0.0
0.0 0.0 0.0 0.0 0.0 0.13216885615358578 0.13202471227480758 0.0 0.0 0.0 0.16106424598383495 0.21505373215792775 0.2718721860633348 0.23314797022886846 0.19757162057130145 0.17714180330994875 0.19118032731463522 0.14462805845328933 0.20095650587667252 0.215747322073298 0.13703940456803518 0.13393296570793062 0.12280811401131615 0.15361111137047345 0.1514034390233627 0.12323922706472984 0.0 0.13933464852251462 0.14402639735708833 0.0 0.0 0.0 0.0 0.0 0.0 0.0 0.0 0.0 0.1756741527322656 0.12809308989349455 0.12238109673241807 0.0 0.0 0.19051803996883834 0.1302847412964715 0.19741714127852192 0.28408907928155464 0.43003951811349644 0.0 0.0 0.0 0.0 0.0 0.0
0.0 0.0 0.0 0.0 0.0 0.1271480093589938 0.0 0.0 0.0 0.0 0.0 0.1759538381579538 0.13599406052699628 0.14802301431580114 0.18679589272125782 0.1818922211068387 0.14213786430059247 0.14550877725579495 0.16882299461092218 0.0 0.0 0.12920574293442438 0.14682919475083533 0.1698336114966978 0.1208393026458625 0.13329663090616983 0.0 0.0 0.14358722510507146 0.11962117957964616 0.0 0.0 0.0 0.0 0.14981226954282378 0.13754796574334707 0.0 0.0 0.11836175717115838 0.17522994010441617 0.2659472668971836 0.20439235333856073 0.1889211094846698 0.27446881316059313 0.25874455451199596 0.1723557268051764 0.2664037727431715 0.0 0.0 0.15701493928726887 0.14508462629320976 0.0 0.0 0.0
0.0 0.0 0.0 0.0 0.0 0.11686226391910955 0.0 0.0 0.0 0.0 0.0 0.15065110670337645 0.1281693132123857 0.1316874732717997 0.21124250517932266 0.16183689676416538 0.13128072301691804 0.1388827492280518 0.11291273359260173 0.0 0.0 0.09976934877025935 0.165635528325064 0.156713018723041 0.13854909779295463 0.1741623359131888 0.12334861565396854 0.12064053891206826 0.12088280064867009 0.11548709321098664 0.0 0.0 0.0 0.0 0.0 0.13999965180441495 0.0 0.0 0.0 0.0 0.13824172803079038 0.16988353638674178 0.1883410699915858 0.2954104014744406 0.21016691292945866 0.17006061932768007 0.5626947978303211 0.0 0.0 0.17222500652533268 0.19980339671924877 0.0 0.1611771988574304 0.0
0.0 0.0 0.0 0.0 0.1282057836809647 0.0 0.0 0.0 0.0 0.0 0.12901429916596513 0.0 0.15084374008349116 0.1490081881546866 0.14250508098463166 0.14880214494283817 0.14083291779305124 0.15006007048482686 0.19032175400699633 0.09298102635236248 0.10493443639496425 0.10899542082764675 0.11083539703224676 0.1551678800643005 0.14702155870328124 0.18826109203006422 0.14744201349098165 0.12571356855460092 0.1164947825503014 0.10514817464505236 0.0 0.0 0.0 0.0 0.0 0.18035203997601318 0.16234609717633652 0.1816968389671382 0.17820692685982972 0.1681287693161287 0.1554571129531145 0.18140542274441934 0.24754533635983275 0.26985633257353014 0.2054600427530575 0.24275898352604988 0.21767064850971377 0.3971327786587415 0.598196714176246 0.48544989328919713 0.0 0.0 0.18983079568098213 0.0
0.10754244677530118 0.0 0.0 0.0 0.0 0.0 0.11466336217913373 0.12380026092096696 0.0 0.10078571550671094 0.0 0.0 0.0 0.141382767900088 0.1615654011804399 0.15216748760166934 0.15284695907817836 0.1155800170818496 0.14538853192008225 0.1196731765096762 0.10407686481394775 0.12694593389705608 0.11749931716988106 0.13333432775105947 0.12592570089893304 0.15808080542424896 0.1600983990084958 0.1433222117211587 0.1332486009419704 0.12739721567562132 0.0 0.0 0.0 0.0 0.0 0.0 0.15228883248681158 0.12343620037790021 0.1769075330261035 0.1390901012816101 0.14696834385964663 0.12459513302519865 0.12248095717249896 0.3138972378076095 0.2163004886115163 0.18105988965518724 0.21617566675418629 0.26919377111486603 0.21265821376287317 0.22645425196829708 0.0 0.0 0.0 0.0
0.0 0.09819450284717818 0.0 0.0 0.0 0.0 0.0 0.11175000228023357 0.0 0.0 0.09068886851967269 0.0 0.0 0.14584714448756775 0.13961364257652265 0.1473088869340323 0.15719475530631966 0.1235236399594758 0.11422387974115644 0.11923699566470641 0.10310298892420208 0.09935898609215021 0.12121651433087377 0.1346217822220367 0.136385999607192 0.12909879628168092 0.15222010142158546 0.1406605458718965 0.14676866369353017 0.1315624976192119 0.12398983581913489 0.1081539858253184 0.0 0.0 0.0 0.0 0.0 0.1299022553511224 0.14526984330480286 0.13459314982554238 0.13448919059629294 0.12291659328321185 0.12465262227404422 0.1543845057019084 0.15136266298844092 0.1681707132077774 0.2073251688882156 0.2342447269113302 0.6961352962965156 0.5949330252619454 0.0 0.0 0.12770455350965196 0.11183503768778646
0.0 0.0 0.0 0.0 0.0 0.0 0.0 0.0 0.08251756158623544 0.0 0.0 0.0 0.0 0.12477032612697335 0.09389302538334325 0.10015545590091159 0.1310393589122699 0.14091253340289614 0.14100828869931065 0.13850675712576233 0.12640804193106217 0.10385558840119248 0.09714905545864493 0.12025953640613023 0.1330003280380561 0.12447741875412724 0.10592359573314103 0.14977775859947146 0.13827797309874648 0.1150073591775171 0.12392027019607742 0.10137363980317253 0.0 0.0 0.0 0.0 0.0 0.11948557438777727 0.16419899245264788 0.13586053199279444 0.1153569459663411 0.170757642215273 0.143804317768187 0.12049404393021391 0.1112084896712601 0.17325102352287738 0.16776632452624884 0.13956475878152316 0.21802113431027603 0.0 0.0 0.0 0.0 0.0
0.0 0.0 0.0 0.0 0.0 0.0 0.0 0.0 0.0 0.0 0.0 0.0 0.0 0.0 0.0 0.0 0.09697747610778555 0.14052294982393734 0.13668495676855338 0.15198237219351732 0.12541914513191577 0.11845161264268834 0.12645388215605213 0.11437382832261246 0.126127503368007 0.11152531728176136 0.10843262605562105 0.13333594385169753 0.13785851886595793 0.1350253714801969 0.1398631858393627 0.09338401800088136 0.0 0.0 0.0 0.0 0.0 0.0 0.1211962504151577 0.11007047368819554 0.09359267297035126 0.12525059245208783 0.12300144190499326 0.1291561762990642 0.13290888490744807 0.16170110401424423 0.16744324464265806 0.2150934119101851 0.1690941823810126 0.0 0.0 0.0 0.0 0.0
0.0 0.0 0.0 0.0 0.0 0.0 0.0 0.0 0.0 0.0 0.0 0.0 0.0 0.0 0.0 0.0 0.0 0.09797568400190373 0.11064989399682938 0.1356550578622381 0.11323025030568974 0.10967130513033331 0.11337527586751689 0.10974363726509463 0.10790656045503509 0.11489407480721975 0.10747129835241703 0.10131011081805766 0.11595590330748236 0.13355181766471308 0.1162880948656316 0.10623617316041023 0.1352012996111614 0.0 0.0 0.0 0.0 0.11988341202269034 0.1106032296875186 0.13345256596533495 0.12785304123904342 0.09750836905837601 0.10764858583403447 0.11332212640689801 0.1445615463282498 0.0 0.0 0.0 0.13386773148140435 0.14087270176451808 0.0 0.1267862333690687 0.0 0.0
0.0 0.0 0.0 0.0 0.0 0.0 0.0 0.0 0.0 0.0 0.0 0.0 0.09023846529854841 0.0956404133997278 0.0 0.0 0.0 0.0 0.10226917824172317 0.12225688601889075 0.13713766489117227 0.11994551483837139 0.12411666695676624 0.1105039264558904 0.10149449864015356 0.10542463015746983 0.12104645790927909 0.11714471147425178 0.12131607554698391 0.11658308532511168 0.11225139647968933 0.09878978971901688 0.12914175358932686 0.0 0.0 0.0 0.12658625648076277 0.1429487061214534 0.1204570522859643 0.11928709726427142 0.15501533644189203 0.133524740433385 0.10530260472962828 0.1048069525211071 0.16120813555499916 0.0 0.0 0.0 0.15622326299995776 0.14248683100828635 0.1448191696163809 0.0516773055224364 0.051789473735033696 0.0
0.0 0.0 0.0 0.0 0.0 0.0 0.0 0.0 0.0 0.0 0.0 0.0 0.0 0.0 0.07612246324029254 0.0 0.0 0.0 0.1001857344073291 0.10029695512689268 0.13343052417108725 0.1472057669008625 0.11410536071156525 0.1204003361143447 0.11945446367244686 0.09864292741918769 0.10469809167265112 0.1256378732636877 0.12481372181395416 0.15174308515774623 0.12612505796791565 0.11144769580838328 0.10960241340265373 0.0 0.0 0.13751647494910527 0.13913004265764695 0.1384521215370817 0.12703902358263675 0.1639372244686285 0.16175642606156299 0.13337399369282818 0.1280177830033243 0.14022200520675362 0.23007433875438377 0.2683517295667433 0.2282930479084235 0.2545208443869557 0.14305415399688307 0.24126788641322944 0.1319260047457529 0.0 0.0 0.05137023524512392
0.0 0.0 0.0 0.0 0.0 0.0 0.0 0.0 0.0 0.0 0.0 0.0 0.0 0.0 0.0 0.0 0.0 0.0922693827433794 0.10607380541862144 0.09808523296839244 0.1063509610771041 0.15699357529425398 0.11886136657629982 0.12092195465423942 0.11780059627095081 0.10570254836919489 0.10646210035414512 0.10859440372856123 0.11560187692247967 0.11793592879164724 0.13186294686323205 0.10850939667470764 0.11008282414041284 0.11335171399155948 0.10141892004845127 0.1334713811912685 0.13090519458929603 0.13096415203722936 0.1704519444513619 0.13079669762663584 0.12891562874795598 0.15135463498710838 0.16534002962527658 0.16526646454757074 0.2008643958663685 0.18857142474119626 0.17840236821636915 0.1442412980158154 0.16223701054355694 0.0 0.0 0.0 0.05171077322055141 0.0
