data/ago/ago_beta.asc
ncols	277
nrows	308
xllcorner	-540299.14387948
yllcorner	7980296.7276279
cellsize	5000.0
NODATA_value	-9999
[rows 168 to 191 of 308, columns 108 to 161 of 277]
0.07801536674418494 0.07725366002428594 0.07823038493075048 0.06928708604951361 0.072108397463972 0.07362705746362753 0.056011606822078126 0.06111892530098393 0.0646291756245899 0.06910451470344657 0.06328952387484851 0.05539319010573441 0.05587665740681054 0.05691418001561318 0.0545055257608629 0.0636006329111795 0.06745218848451702 0.07151099813288103 0.06406506326325567 0.06473027537740039 0.0604713940873663 0.06083490428695926 0.062107276835524194 0.061794629175187736 0.06174356636901429 0.06618637835832741 0.06871027700026827 0.06511698553153161 0.05188727523233302 0.05163791294448498 0.057234204194106145 0.05998583857487441 0.0634140345216225 0.06069789179262546 0.05101649332363011 0.04671084428098712 0.04219288741963977 0.05994049257752517 0.05148890665387434 0.04253359278708234 0.0 0.0 0.0 0.0 0.0 0.0 0.0 0.0 0.0 0.0 0.0 0.0 0.0 0.053189039990112666
0.08100291717220659 0.0780402390419995 0.07986661116000983 0.08473012713776468 0.06732696262669208 0.06489953965345184 0.06050501422712607 0.057640871748172944 0.06122337114528676 0.0660385762794021 0.058482638230420256 0.05366801714771421 0.05673625593209073 0.060509080013340266 0.06624823041392018 0.05589576551565518 0.057376585366618056 0.0671953046789628 0.059624286262934215 0.0654803295041319 0.059677374397219436 0.05575889953449375 0.05657057889665156 0.05736655551066893 0.05952908411765012 0.060597285414178324 0.06417330715105887 0.059523862223062225 0.054432033678972924 0.05195851576983156 0.05451275307215363 0.05935572335331733 0.06549159044281427 0.06478186147549464 0.04876836782224312 0.05004173604192523 0.046698325656656645 0.04881484178321066 0.03838413694249998 0.03976506097114863 0.0 0.0 0.0 0.0 0.0 0.0 0.0 0.0 0.0 0.0 0.0 0.0 0.0 0.04874722845201553
0.07780297071923191 0.08323172014214157 0.08034355468389803 0.06270654968665125 0.06291000162570558 0.07336044701677774 0.06205878864056437 0.05483099602062381 0.04931455474352924 0.06100055384078301 0.05571380125748447 0.060360736726679534 0.06360742367412625 0.06694184545089045 0.0527991292794102 0.055482565224732716 0.06220379976808602 0.059465778442234524 0.061765085332623176 0.06353832604602302 0.06441051002865444 0.0551658267541047 0.05366787203832404 0.05672858081008595 0.05803059964910799 0.057692241499062276 0.06432454257592654 0.05600008685692104 0.05329815173172655 0.05092169379416558 0.04892602686575653 0.05238013375231488 0.055999312269076146 0.06298888544042021 0.0491164650307079 0.0499703280732856 0.05214479936467639 0.05154926234079483 0.03845363689151835 0.0 0.0 0.0 0.0 0.0 0.0 0.0 0.0 0.0 0.0 0.0 0.0 0.0 0.0 0.07083783127375991
0.08058435199402215 0.06898409822563262 0.07123055706385695 0.06372967778953571 0.07275138920725156 0.06961183277224217 0.06099141017015974 0.062439867275780644 0.05295380114298575 0.05675309335108682 0.05215963409619094 0.06245647594055915 0.06779656860188796 0.06087266295896139 0.05683493606040282 0.059299546448020206 0.05847673493510564 0.05425684583528665 0.06226701009624164 0.059176003493228095 0.0608800520398904 0.057298533654422126 0.05306722319488791 0.060409574904774235 0.06142438904839796 0.061556955477147964 0.055340676961302536 0.05319740130458591 0.05788305993145019 0.056153250109305115 0.05347828909990901 0.054256806381423134 0.04138111051545882 0.047971338303111725 0.049234979653204815 0.04868812306515151 0.045565343397284706 0.0 0.0 0.0 0.0 0.0 0.04107622888727532 0.0 0.0 0.0 0.04652212250130107 0.038185799713440945 0.0 0.0 0.0 0.0 0.05954458720640325 0.04627692624709335
0.07455610429210537 0.07204394241761779 0.0754210221440678 0.06946438692402854 0.05825892722760988 0.06181090503202604 0.05463139022224483 0.059755808595341874 0.04978729525510212 0.0552140370478999 0.053933895198543996 0.06036696802248373 0.06277718435122959 0.06675517590394195 0.06144372983830664 0.06641756282883085 0.06134046410372181 0.05559396011947521 0.05924531884146878 0.05693421596730095 0.05992527897125241 0.06626022717200901 0.0625098338891537 0.06393910751415229 0.05925267752166841 0.049894863063494305 0.05486499087243791 0.05796117371168974 0.04481372971861196 0.04705729124086257 0.057457901006090405 0.05537104598799698 0.054007646772603286 0.04307518331714265 0.04452809769420261 0.047185753364470576 0.05748628749505278 0.04112449550305847 0.041815133276856035 0.04209925750473142 0.0 0.03610962929807808 0.048785919765752014 0.049149351831951835 0.034492909178074 0.03802375184624942 0.04791059322209167 0.041018027561861986 0.049436890700575206 0.0 0.0 0.06369548826820773 0.048057383529424014 0.05096428487702365
0.06798233201425029 0.07447978900058251 0.06446304247986234 0.06481549666850811 0.0679866019864842 0.06474584426787797 0.060024532351018976 0.05736750121848458 0.05213331075549515 0.05033096488987016 0.06035527186048239 0.06052194319782615 0.05867333656766715 0.05616717970809443 0.06106756218665025 0.06357900018959238 0.051696347865406334 0.05599929920519456 0.05668704437133142 0.05772765676137282 0.060462396352977246 0.06535445406281004 0.06638479317169688 0.06328742459064998 0.05024327928466861 0.052908434917644666 0.05402358564091819 0.055852935624987346 0.045524246285982506 0.050523237643712006 0.06048143596042198 0.05618422024210135 0.04258330976999938 0.0 0.04075668753223231 0.044777333097241516 0.05086264796237516 0.03746750025599773 0.046216032369811956 0.044405887772313524 0.03671429500760348 0.036984955184414615 0.04574229148309916 0.043491197948525885 0.0391225586822568 0.0420669838473186 0.053196396827252745 0.05245021653754322 0.05142589034751497 0.0 0.06842037821231986 0.05324018479610787 0.05435456564390301 0.04995462594487872
0.07339198054194304 0.06469002228934939 0.07488005667898796 0.07302060942032491 0.06943134535716763 0.07004808829632081 0.06519812016574257 0.05228957213071748 0.0528368482567119 0.053767017112379134 0.05529322764144198 0.061954700070377317 0.0586421146576939 0.05659805273193026 0.06017859951960622 0.06061886139173649 0.05207350224204209 0.06031049047545529 0.05585565900537755 0.058242049251129795 0.06376832122662195 0.06529165581865505 0.06272136855661009 0.047584357394574776 0.058019113721958025 0.05555421238690865 0.054552685039603525 0.05563465499302281 0.0403531672850503 0.040929389868367715 0.05897276558833147 0.0515371473383021 0.0 0.0 0.0 0.041297214471035744 0.040256329489810595 0.0 0.041877868216679576 0.0 0.0 0.03558367308188573 0.03888009071329044 0.03153915842273951 0.0 0.03729567641369938 0.034166337134850434 0.03764416291589484 0.0494031030372162 0.0 0.06723890075332452 0.07425641665486568 0.05321576759369164 0.04593074131698856
0.062208202524497595 0.0701773868628099 0.0683215799918267 0.07018618116660118 0.06387504617579 0.07125664599609453 0.058241422509604776 0.05531100074645319 0.04853701782646698 0.052818913084213874 0.05987980432793576 0.06269297596205542 0.06012940344479188 0.06178984262639357 0.0584216601989149 0.05213611038086577 0.05192520838350837 0.06144040297722676 0.0642152916506676 0.06216801536556147 0.06675064067949373 0.0673682249272222 0.049450488951486425 0.054931544364294274 0.060081774118410904 0.041289690430388166 0.05918062841361836 0.04006888494485076 0.05243350821250354 0.04191520693195313 0.04488336332427433 0.04910745327062066 0.0 0.0 0.0 0.0 0.0 0.0 0.0 0.0 0.0 0.0 0.0 0.0 0.0 0.0 0.0 0.0 0.0 0.06069735352966111 0.06698671157269102 0.0700688991512921 0.05651795616463967 0.05941075998878898
0.07368047161263858 0.08343108439321942 0.06575789784196014 0.07801340778445255 0.07814223543707 0.05338285887320758 0.05347885032088284 0.057401925027001546 0.05565541322069215 0.05521724191408943 0.05994451202318182 0.06503001743247483 0.06350902738656121 0.06179530189638539 0.05730251340122021 0.05255915027886157 0.05592911935454581 0.05733893414029713 0.05938308794770229 0.06172298253202967 0.06535030377621674 0.05900209004660723 0.05323129154743408 0.05594746368498091 0.05483837491801901 0.05622341436080688 0.05810034738009436 0.040966346299741184 0.0374292507292705 0.042475392748693636 0.04830065432966048 0.052704796858704696 0.0 0.0 0.0 0.0 0.0 0.0 0.0 0.0 0.0 0.0 0.0 0.0 0.0 0.0 0.0 0.0 0.07285014876645322 0.04597463903239355 0.04586629752357006 0.0740435149485196 0.06971267930374768 0.06732641768834781
0.07032444852175887 0.0681013092238842 0.06284389765776802 0.06976328920465753 0.07714315083909828 0.053963616095835394 0.063951255115986 0.05741935223079529 0.05474991345363305 0.059251337245802504 0.0641921001034985 0.05860484044575563 0.062177934078758865 0.06950470608244863 0.05860325617801017 0.05312541700254164 0.05733007672585306 0.061361207336329625 0.06608781913388195 0.05846351887255573 0.05712269858270322 0.054814512172670506 0.05321467976026951 0.05945548042367004 0.05970061178893487 0.056845536600507264 0.056652356165885216 0.04742972027831528 0.04218206477288821 0.04307945666808207 0.0455879401049547 0.05093080560561401 0.0 0.0 0.0 0.0 0.0 0.0 0.0 0.0 0.0 0.0 0.0 0.0 0.0 0.0 0.05013329090245276 0.06987533771734292 0.0629671173729363 0.046218659533053395 0.0543444638046377 0.06593129075539336 0.07331044794338921 0.0610579460838868
0.06490467708631052 0.05723180558403962 0.06516268152417408 0.06733685793903003 0.05344899575865037 0.05701666043666833 0.06629330686373668 0.053513150564333985 0.05824570948807848 0.05642729880273612 0.05923141197128596 0.05854975573983779 0.06421097593104148 0.07006548980040814 0.05624915669384539 0.0555559102272059 0.05726873943948391 0.06603011091461339 0.06080915783112327 0.05214646252653659 0.05677325868319009 0.05302445615925592 0.057153637212120245 0.05878071301992393 0.06324086966604817 0.060910322536572956 0.05949430260831353 0.04931125119182004 0.04155885736136892 0.04314373649193717 0.03956335284535046 0.0 0.0 0.0 0.0 0.0 0.0 0.0 0.0 0.0 0.0 0.0 0.0 0.0 0.0 0.05214847828372028 0.06907804382827398 0.06871975915241833 0.07536486999256876 0.06427693182232369 0.05687416866534653 0.058096395879567754 0.06221927787239831 0.05550154692142647
0.06573247594980708 0.05671850758030459 0.0589470972510128 0.05802583230635205 0.056133299384851336 0.0601672195337527 0.06850815569288035 0.0584693750724364 0.06437093798265717 0.06181605482164212 0.05917944046839665 0.04896904805113655 0.0627286767096727 0.060568447220610444 0.059274705807815714 0.056562790389141165 0.056388751458871934 0.06153211082301637 0.05872147349317175 0.055703423825184714 0.0584668474240095 0.05421226207266169 0.05791370829548562 0.06066223559629621 0.05772391290102636 0.06141317663387237 0.06277140871452201 0.04262251043225915 0.04167442198528432 0.04973282920099775 0.04939166355825626 0.04347302526356654 0.05222507452699698 0.0 0.0 0.0 0.0 0.03417482550716305 0.053206697723839014 0.04975569359938486 0.035612144390124244 0.037996147600860126 0.0 0.0 0.04890146607362198 0.07082142622871014 0.06774803621111944 0.06237058317862333 0.07090968305845816 0.06433963456654608 0.057314191530293865 0.05185314740054682 0.0650034591234098 0.0644153275434734
0.06893199376016154 0.06539170722550026 0.06365623550351014 0.05550783080105041 0.05933891808404487 0.059265853519723743 0.056414308428761065 0.05654138068558549 0.05896974535417949 0.06676446426433065 0.0560449418463461 0.05533492238040138 0.06593011791962529 0.060686969750569544 0.06133170417395608 0.056820961491742754 0.0560039021141617 0.06441634634665719 0.06110074751061232 0.05860308014958653 0.061367495506977045 0.057025482365408664 0.05571076621541771 0.0551336236632896 0.06072042271116469 0.06170623206260224 0.049826004156654044 0.05512779720858603 0.06311694643109739 0.053536085827388634 0.0508502081469593 0.04182820481957437 0.04298666644576931 0.04618800846519854 0.044325159879392756 0.04337514393244031 0.034143054087046217 0.034965868965899656 0.05854452775560195 0.05426791324778209 0.04942692053722509 0.033631099147455955 0.04676427610272249 0.049725012941779785 0.06340273426924031 0.06015808959059402 0.06014365713166949 0.05888085831480592 0.06973671526103875 0.052214050626099615 0.04948844166716544 0.056583826790805876 0.07087052549976991 0.06471997546942507
0.06490694298220488 0.07228298836247683 0.06818227573245843 0.056437203017230306 0.06681526707989201 0.058937510582255125 0.05796347648120037 0.05345924015304724 0.05498224707198037 0.065710492156813 0.05943697560096624 0.05994830305164824 0.07433396251773583 0.06974157732233703 0.06871498840577707 0.05768250974798736 0.056343230993714244 0.06682939875186301 0.05800074855406512 0.05951853917882723 0.06719773266153865 0.05681398930309453 0.05477336924657853 0.05892817280851027 0.06083544061566407 0.06361061241244303 0.06608104085946004 0.05678283281182707 0.04641753396069355 0.05453738463753448 0.053714164799121854 0.04407040175185409 0.05171427711465813 0.04388178760455945 0.042769081596236616 0.037286662325007304 0.037597200647156666 0.035076788725221145 0.03786378431921457 0.048724324443786084 0.049135436702873146 0.03771873521855141 0.041627672759880024 0.05203778127295375 0.07017700703344229 0.07703353015057783 0.057118271531627456 0.05236702464860473 0.05536853849591 0.06448502276651444 0.050338992592415276 0.0542530280414191 0.0649694120045945 0.059050946063319364
0.07328499189691592 0.07163050366374615 0.07279844390114784 0.06371545138021874 0.05815503919429208 0.05784938136551281 0.062118928690944535 0.0572327374711313 0.06421002279047869 0.06715761051898278 0.06682529492149573 0.06452950425849703 0.07221553492783672 0.06872416245908416 0.06627460358506726 0.06565114936888912 0.06330949542819311 0.06895963713700044 0.06252660981887495 0.060798286631444126 0.059569945667448235 0.0538027961628207 0.05348008357796107 0.05019339232535998 0.063878848025456 0.06274499762155439 0.06208490706558683 0.05646185433805506 0.04539661218254553 0.05094290779395887 0.04851223462632048 0.04423145913447582 0.050953642218269694 0.047687181423795806 0.037851664421692785 0.04177820587859866 0.03752252272243107 0.03616921726756467 0.03554403403306329 0.04367396377884323 0.04912106179788033 0.045292205103649494 0.050098175965997443 0.05502150908975533 0.08010606338397368 0.062981570069688 0.0562509405250938 0.05805627061518604 0.05499386454968774 0.056363126216515146 0.0546634282105217 0.0506621591429757 0.0631142116917301 0.05980906889955002
0.07936505978840182 0.07755287927820534 0.07258878299532298 0.06667718298078747 0.06013569831798553 0.06373020793976099 0.06818740214741283 0.0677540575163975 0.06680195256350006 0.06960307573586652 0.056913411374545184 0.0590648120749863 0.05915460052540092 0.06756812358800764 0.06779763916811198 0.06660353620362165 0.07611199308756667 0.07674352555423315 0.06194120058461816 0.06638438734004158 0.05431591566876724 0.05136440228986382 0.05316770919524289 0.04843483739333303 0.06972299615410084 0.06639778754761151 0.05976284189644995 0.05586115316281941 0.05947016384029168 0.06305680455617708 0.045059941540661536 0.0429579231346962 0.0410046561612139 0.04630138810016325 0.03684551553836022 0.04206819605172679 0.03914908476040813 0.036426507903268956 0.03610571086375885 0.035057723551459016 0.03992834422370174 0.05504308670284912 0.06960459540101335 0.07943976937517852 0.06924438730933272 0.06311414214180719 0.0670643216754209 0.06644950709657908 0.06530502709907748 0.05431077342959498 0.05224642663961855 0.05180526859321868 0.053072060759206514 0.056984865207815066
0.06743632525749595 0.06603641942994941 0.06788145474531121 0.06456122057029268 0.06513886620275808 0.06697281480487778 0.07063913774357476 0.06590949056221218 0.05956802773732535 0.06897897840254252 0.057639649520343 0.06415417364133508 0.06735204753360247 0.06513998841659938 0.0631683068919297 0.06747319758171981 0.07994525078456541 0.06165498652168693 0.05913585625912542 0.06539020719024322 0.052446080052020165 0.049154613906713274 0.04258557380944723 0.0520244360507213 0.04683157413133255 0.04667325811881191 0.06300912607443555 0.05507502173719686 0.05807501990687287 0.06178727126125229 0.047995882929852914 0.04228860114405353 0.04050523296122759 0.041427493840424406 0.03841209870682309 0.04645370970709504 0.03779294009259631 0.036396060397536026 0.040807056625834705 0.04554678961151529 0.04315755030127237 0.0 0.05167231231387854 0.06902717861638724 0.0682699451970203 0.07016225081021742 0.06150719858563666 0.06875029353400443 0.0696639879421139 0.06313973873555574 0.05228438441405795 0.048725726204365785 0.05520183480958554 0.04997365810238499
0.07374690206404584 0.06368373190240281 0.06699018153505627 0.0725064055232163 0.0626122240409438 0.06825864911876646 0.0650839197367813 0.06837313026345715 0.056168066993034886 0.06109707118164149 0.06927701630393768 0.061108100538911615 0.06448643476588661 0.06355968719191339 0.062474909914381246 0.07773978552757346 0.07834643583698755 0.06036995747457773 0.06271989003870246 0.06272863453995052 0.0568764312198294 0.05798036772955439 0.0436287190952367 0.06543363504018196 0.046547162892276 0.04486013697541338 0.05977612883671421 0.056502136195693824 0.05822880291446333 0.06267602052408684 0.055913045962584 0.040966784707148214 0.04594372202901284 0.04470419657075558 0.03814740747465421 0.03627876363932413 0.0 0.04367974050287973 0.043250137085958935 0.0 0.04605193124706059 0.0 0.0 0.06773693676858927 0.07438681931305768 0.06160522176481638 0.060108081673667234 0.06191524278444902 0.0628999215330939 0.06051473782102631 0.06098541031396793 0.066728497320494 0.056019817866868035 0.05022580944019904
0.07698229563902526 0.07390909544315671 0.06237923385195832 0.07185596530910124 0.0634375512356685 0.062298200386133915 0.06781034961926839 0.06323776259413777 0.061737592514353276 0.06437772673457215 0.06610408597912726 0.06250415568181755 0.06651986562840341 0.061175020378374675 0.0659306565503064 0.07010019003896545 0.06081934335978954 0.061271087414375994 0.06093492061454991 0.06209119060854024 0.05789998715539668 0.04278923133841337 0.0 0.048071531363402774 0.046202514397125034 0.04916841682155783 0.0580566119429921 0.05233184016282347 0.059787094807661166 0.0494643358325107 0.04434666703885148 0.04003618962831055 0.03927872372640976 0.04937298623363871 0.04251309207615561 0.035082650674587885 0.0 0.03855731762627628 0.0 0.0 0.0 0.0 0.0 0.0 0.051136861426469206 0.0 0.0 0.0 0.0 0.05053753665014842 0.050843891402391844 0.05795867971055027 0.055214072253396106 0.06088449644070581
0.07969710341932726 0.06908854016302729 0.07480949629362221 0.08043693869377065 0.0676583183863748 0.05999571440547336 0.06435632778526637 0.06589907079695005 0.06174553186538952 0.059677729755188896 0.062173390051344014 0.06171223845667922 0.06356660683093672 0.059890179477999614 0.0670996794309905 0.06615233572381037 0.0600898594867485 0.06205853874235417 0.06398490933615449 0.06500010574884946 0.06143182671302942 0.04564939850409451 0.053191594502094375 0.0 0.04798237025725987 0.044936317825346246 0.046691846268847446 0.040473031308482475 0.041849558182101836 0.04460896511651349 0.04615289274133185 0.04538570635293689 0.03935260168425413 0.04840706730552634 0.052228052403749045 0.047252616837873476 0.0 0.0 0.0 0.0 0.0 0.0 0.0 0.0 0.0 0.0 0.0 0.0 0.0 0.0 0.0 0.06059005089421366 0.05542766401219305 0.0659894829788194
0.07043123262660672 0.06595373215401674 0.07257442220572684 0.07179601700480791 0.07134619777351543 0.07068789214511913 0.06798904991878575 0.06715499265348988 0.0600343606536087 0.062117579190590064 0.06335178685896847 0.06451021745807972 0.06704733935235854 0.07274675745371707 0.07063992983300064 0.06281354054606368 0.06089708708319885 0.05720583029152985 0.05422828837950402 0.058970058129951416 0.05563119264048861 0.04867073807762378 0.05086884302428948 0.0 0.0456517025487754 0.04220196124887783 0.0 0.039100756950374994 0.03789413417902052 0.03959270398769621 0.04021898477043573 0.0 0.0 0.0 0.0 0.04054703540042074 0.0 0.0 0.0 0.0 0.0 0.0 0.0 0.0 0.0 0.0 0.0 0.0 0.0 0.0 0.0 0.0 0.05245145156382855 0.06004502791557375
0.07458079900392263 0.07494758512782514 0.07539470581173843 0.06842240927736812 0.05581967909665487 0.06679711630996846 0.0670569824190528 0.06435190006175548 0.06004966498066555 0.06351741637358134 0.06020350457851201 0.04986970062933615 0.06078234937407915 0.06298086921446153 0.048957901082400966 0.0 0.0 0.0 0.0 0.0 0.0 0.0 0.0 0.0 0.0 0.0 0.0 0.0 0.0 0.0 0.0 0.0 0.0 0.0 0.0 0.0 0.0 0.0 0.0 0.0 0.0 0.0 0.0 0.0 0.0 0.0 0.0 0.0 0.0 0.0 0.0 0.0 0.048782250080524774 0.06911762446462658
0.07270457588890238 0.07223375438489381 0.08380741755454767 0.0516955540331716 0.0 0.0471347949601477 0.05933817435344418 0.0646755237914506 0.05645577862281463 0.05648178510966176 0.04625595633364882 0.0 0.0 0.0 0.0 0.0 0.0 0.0 0.0 0.0 0.0 0.0 0.0 0.0 0.0 0.0 0.0 0.0 0.0 0.0 0.0 0.0 0.0 0.0 0.0 0.0 0.0 0.0 0.0 0.0 0.0 0.0 0.0 0.0 0.0 0.0 0.0 0.0 0.0 0.0 0.0 0.0 0.0 0.06609146699760272
0.0776267436533753 0.0742130836021801 0.07286385851199198 0.0 0.0 0.0 0.0 0.06619701739711463 0.05606469169721968 0.06080718294667246 0.04833985006802596 0.0 0.0 0.0 0.0 0.0 0.0 0.0 0.0 0.0 0.0 0.0 0.0 0.0 0.0 0.0 0.0 0.0 0.0 0.0 0.0 0.0 0.0 0.0 0.0 0.0 0.0 0.0 0.0 0.0 0.0 0.0 0.0 0.0 0.0 0.0 0.0 0.0 0.0 0.0 0.0 0.0 0.0 0.0
