data/ago/ago_beta.asc
ncols	277
nrows	308
xllcorner	-540299.14387948
yllcorner	7980296.7276279
cellsize	5000.0
NODATA_value	-9999
[rows 96 to 119 of 308, columns 54 to 107 of 277]
0.08446240538411802 0.10169227707921501 0.0585231259277721 0.07856623928051328 0.08656939870950278 0.0 0.0 0.23227464889152225 0.06655914577671139 0.21675543030752092 0.2604496419897913 0.20134407026006107 0.20037559821305628 0.18273937196621995 0.0 0.05962229107284523 0.06305288047601763 0.06481057078048688 0.06391971693285453 0.19980174727724698 0.18111431381556617 0.0 0.0 0.0 0.06386165739839167 0.1799081083307509 0.21011463617216236 0.0 0.0 0.2003819239191895 0.0682259524415663 0.06188869277012628 0.19078549347929458 0.06949502207126688 0.0733880161811781 0.22154034269351378 0.0 0.05129105832341017 0.07079619395329824 0.051355291967744306 0.0 0.0 0.0 0.0512491961495414 0.06490763993183893 0.06016423613769091 0.0 0.0 0.0 0.0 0.0 0.0 0.0 0.0
0.06396400314677947 0.0 0.0 0.0710149328474542 0.0 0.0 0.0 0.0 0.21303068407487763 0.06695346517009822 0.1909570302190042 0.18639544977126365 0.21818393216784468 0.1860962852646026 0.18844309770070147 0.0594490222192153 0.06269575812132318 0.06426692913404827 0.06948716570139822 0.18444241456940433 0.0 0.0 0.0 0.1738405047451715 0.06416889523274613 0.06089623113085403 0.19051911278461894 0.20228697782214572 0.18886565489141582 0.06422718550993327 0.06973906239872632 0.06485430980467677 0.19681354658818231 0.2173099901307006 0.21292459421801913 0.2319288345976969 0.22408954087268942 0.0 0.05154416005533462 0.06629430653744031 0.06510885099388632 0.0 0.0 0.0 0.06469670777874938 0.06553486347586722 0.0 0.0 0.0 0.0 0.0 0.0 0.0 0.0
0.0 0.0 0.0 0.0 0.0 0.0 0.0 0.0 0.21616884747175594 0.1863937051108056 0.20555774990098485 0.22069672155344666 0.17221212409537362 0.21670172834198048 0.1943856934966419 0.1650010422402711 0.06503764722532465 0.07005384185302864 0.18980421290175012 0.0 0.0 0.0 0.0 0.0 0.06598684760014724 0.062245247712881493 0.06747777107770472 0.23322834005279117 0.0 0.21448115665645645 0.13445957521682234 0.10855336785719355 0.21711208011874125 0.0 0.0 0.0 0.0 0.0 0.0 0.06646258629259369 0.051459443022183415 0.06391520966125473 0.06585144955623277 0.06451999312370141 0.051230644654163875 0.0513213099488238 0.0 0.0 0.0 0.0 0.0 0.0 0.0 0.0
0.0 0.0 0.0 0.0 0.0 0.0 0.0 0.0 0.19357090904301116 0.2064635502993998 0.20930363493683943 0.20249632198555392 0.18294764352082588 0.0 0.21597492666245768 0.23243493362007803 0.215214666570619 0.2390283526809488 0.2046809685501097 0.0 0.0 0.0 0.0 0.0 0.19710515127272188 0.0 0.2349000571667808 0.0 0.0 0.0 0.07209875108825946 0.06189079762888002 0.19582434915149383 0.21015128298557564 0.0 0.0 0.21025999518559024 0.0 0.0 0.06499276765155168 0.051352377047375206 0.06494123192443751 0.05123253957640568 0.051219712866552 0.05136749607922482 0.0 0.0 0.0 0.0 0.0 0.0 0.0 0.0 0.0
0.0 0.0 0.0 0.0 0.0 0.0 0.0 0.0 0.2273844026885821 0.21538894756092 0.2004108321923532 0.21434779157290498 0.18280007702846632 0.2486896100409197 0.0 0.0 0.0 0.0 0.0 0.0 0.0 0.0 0.2022305599727066 0.19025664143141102 0.1850787684955478 0.0 0.0 0.0 0.0 0.0 0.23890954378181198 0.21821095539126165 0.22852677179092729 0.20911602636514293 0.0 0.0 0.22077020954565257 0.0 0.051846640176605355 0.051407675497050526 0.0513095581108966 0.05123478996096745 0.06692020752713536 0.06811359953855987 0.05119949067244388 0.05129616805637039 0.0 0.0 0.0 0.0 0.0 0.0 0.0 0.0
0.0 0.0 0.0 0.0 0.0 0.0 0.0 0.0 0.2793471387078416 0.2856055714113407 0.23629385531590574 0.0 0.0 0.0 0.0 0.0 0.0 0.0 0.0 0.0 0.0 0.0 0.0 0.205075754306238 0.2119520846936398 0.0 0.0 0.0 0.2488943201014239 0.24000581720923567 0.23517765576802235 0.0 0.0 0.0 0.0 0.25388298892071454 0.21966629563158568 0.07454064416691632 0.07020893798255966 0.07075766569815974 0.07089087619439305 0.0702307792286034 0.07041620071615462 0.07101403668159781 0.06512322477545454 0.051457733670800365 0.06708718680472507 0.051138345737354964 0.0 0.0 0.0 0.0 0.0 0.05141743527885442
0.0 0.0 0.0 0.0 0.0 0.0 0.0 0.0 0.0 0.0 0.0 0.0 0.0 0.0 0.0 0.274990967423736 0.0 0.0 0.0 0.0 0.0 0.19184064850660523 0.0 0.0 0.0 0.0 0.0 0.0 0.22954824266831 0.0731692626446985 0.24421525389004406 0.0 0.0 0.0 0.0 0.0 0.0779228437616902 0.07319978646908264 0.05145258789055809 0.06992541435438648 0.07393589283193702 0.07244684781919658 0.07241480057783432 0.07140893593412101 0.11160674052419495 0.05143361432531453 0.0693236296948207 0.06889702329042584 0.0 0.0 0.0 0.0 0.0 0.0
0.0 0.0 0.0 0.0 0.0 0.0 0.0 0.0 0.0 0.0 0.0 0.0 0.0 0.0 0.25698570836758905 0.2762068379771643 0.1971448200991057 0.0 0.0 0.0 0.18134640320963144 0.2015547293096511 0.20077997447672932 0.0 0.0 0.0 0.0 0.20486550289876226 0.08262248372320749 0.0 0.23872980486048898 0.0 0.22657527716932804 0.0 0.0 0.0 0.0 0.051731669737041075 0.07639449174795897 0.07496805187705263 0.1317402764696707 0.07358241540707108 0.07233906809638237 0.0754196793147217 0.07026371153491189 0.07957454416071501 0.06995725052157822 0.051286905344384764 0.0 0.0 0.0 0.0 0.0 0.0
0.0 0.0 0.0 0.0 0.0 0.0 0.0 0.0 0.0 0.0 0.0 0.0 0.0 0.24975784932537334 0.21089600772749126 0.0673516963411267 0.18528854236370582 0.0 0.17692428258327486 0.0 0.19704765108348382 0.2269128982764587 0.0 0.0 0.0 0.0 0.0 0.2525181376389274 0.25308366757307554 0.0 0.0 0.0 0.0 0.0 0.0 0.250810770952051 0.05166821867970138 0.08372680864378076 0.07706452671488827 0.08761192299374833 0.15192269422060134 0.13636990176979666 0.14273996938381456 0.13347777850202827 0.12931138900157596 0.07448486523031057 0.05136628956654634 0.0 0.0 0.0 0.0 0.0 0.0 0.0
0.0 0.0 0.0 0.0 0.0 0.0 0.0 0.0 0.0 0.0 0.0 0.0 0.0 0.20371939569969608 0.21180946243933965 0.082421756848972 0.06837205000675366 0.06366177999796317 0.1877125327310647 0.0760573120243953 0.20903985367129702 0.0 0.20845601308513528 0.0 0.0 0.0 0.0 0.2558072002326299 0.23962650203538843 0.0 0.0 0.0 0.0 0.0 0.0 0.0 0.05216499176037399 0.086955297772932 0.08263256883247104 0.08761332376132082 0.07862919592223566 0.13517520495787813 0.13416906715124569 0.12490757362299806 0.13833138206694587 0.051709454364474536 0.0 0.05152629059917233 0.0 0.0 0.051510173838604636 0.0 0.0 0.051188120507042634
0.06268556697742404 0.0 0.0 0.0 0.0 0.0 0.0 0.0 0.0 0.2912335093995887 0.2621657245066692 0.2477953482735273 0.0 0.2688819238572798 0.23670129927123784 0.09798129290141283 0.1531079141111131 0.18408911011054624 0.06793794367115667 0.0679968906277722 0.06568563912700141 0.2171660773343224 0.22005401849183445 0.2453442301419246 0.0 0.0 0.24903784846563748 0.2518151086691591 0.0 0.0 0.0 0.0 0.0 0.0 0.0 0.0 0.05178666365974527 0.05171214589499549 0.08020840561853056 0.08174746507241341 0.07847278679186762 0.08269503170397438 0.12150784912945281 0.11787988577001948 0.11933797331406977 0.07716149339964207 0.05183595777156083 0.06977280128114309 0.05169853503032542 0.05193544412652375 0.05160335523217688 0.06745210984919932 0.06940951302304339 0.051668325270272306
0.05970661632172575 0.14474358216691363 0.11588490010405648 0.13968365185876805 0.0 0.0 0.0 0.0 0.0 0.2545396454158681 0.25871141532804304 0.22252905155248534 0.24256941091217668 0.08835848431262855 0.14562677017023987 0.07037431989846812 0.12614393467319726 0.1624462401991602 0.13276537638363065 0.06616298636784565 0.12949164750751455 0.17346787266045408 0.16331104777262162 0.07553061092794475 0.23082121623233728 0.22982506403713626 0.2536480126450719 0.25712496812095126 0.24903777761859225 0.2512200229669218 0.0 0.2519065526553076 0.24364778063880724 0.27841585990483364 0.0 0.07780824913374082 0.07938247378291167 0.0760758988820248 0.0748747656521308 0.07722961066819113 0.07610937983495829 0.08015519995651006 0.1282633072754335 0.13374673624859212 0.15748626566643964 0.15401388764193966 0.07353342787154861 0.07583356651563729 0.08303999330909788 0.05167898241969674 0.0690008537760098 0.1223125166492246 0.11407689784947213 0.12643137013521544
0.06479557730316628 0.06862684058842933 0.06828362243146442 0.04995315804740822 0.13266906604570383 0.17010253308309103 0.16194971061220753 0.18889262978550975 0.20820072193749584 0.2748756350946236 0.09398686548148179 0.2654528388421774 0.3347423124581103 0.3079948130577965 0.16071976571233232 0.0747778966067388 0.07819752280488486 0.07494717253526982 0.06564780296164488 0.10256032674098238 0.06791672362676066 0.1339468163111002 0.14365428089866536 0.12584101910227558 0.23495590834645802 0.25000008672518764 0.10411081014532692 0.10816069482885703 0.2710727550494833 0.2503154795213763 0.24177753294905657 0.24691201801278126 0.051806883760161106 0.052053586509744815 0.0 0.05141605776652884 0.051513201766838004 0.07813750635106795 0.07309625051781404 0.07700922678869258 0.07432505330964749 0.12551984491957313 0.15332829893594252 0.14964414012719732 0.14783333611754668 0.13652456722706752 0.07930561720802848 0.07514127320458971 0.051655779153264 0.051697858171541565 0.07393335753824787 0.13426325517761636 0.14329731490285866 0.11990987877195995
0.08890284182212359 0.08699927449972142 0.09860493167241527 0.05194626861508974 0.05325631387565458 0.05575745077400245 0.1840868679026713 0.18667832652608835 0.0 0.09027437222058017 0.0902984114612975 0.11864263678342271 0.10436222369876078 0.0819783706814567 0.16913449329219535 0.12927329938601903 0.1419112969760964 0.1376646494971059 0.11836155273082637 0.1086425608869999 0.12288672542722788 0.14002925999003707 0.21646279262317641 0.1879476703889323 0.10158204174112352 0.11159321299869907 0.2639964693221661 0.17807004681962219 0.09676390992356128 0.0842007537496413 0.09156612972766676 0.05236951030448671 0.051995621795421866 0.0 0.0 0.0 0.05149598042273473 0.07053679191632313 0.06514295699265785 0.11618952344105099 0.07025003411130244 0.07015999072778 0.07657644347523676 0.07510265301375439 0.07362116386584877 0.1505389020120334 0.13160012599362728 0.07539406940740562 0.0517145834645207 0.05154935888536248 0.1346051823926842 0.1416844460329873 0.11176645164328108 0.1201848872794281
0.06630913602611382 0.0970366404798352 0.08877361199920655 0.05720235782294131 0.0538836716263881 0.057465777703500455 0.05940587417508368 0.0 0.0 0.08103278085414627 0.09524482222105196 0.11758970330312624 0.08249704160332844 0.07321608077199696 0.13779599037613316 0.0731524420115336 0.18637108497740051 0.14271072854266334 0.14835904498271293 0.09611105561206251 0.12481735735986807 0.13192357451134545 0.16500474842728138 0.15627790030341465 0.1993132871777215 0.1787990253510256 0.16800430368602418 0.13725764858010556 0.14773327077809495 0.08846101457767598 0.05244000331814185 0.10344042447552473 0.052276751032553435 0.05229853039513258 0.0 0.0 0.0 0.05165382478028275 0.06486543937132223 0.06852695287376846 0.0704437833203535 0.05206361974713502 0.05154045760847332 0.05162615353829821 0.06855787567894088 0.07377189599640686 0.13122290953146684 0.12411836797883322 0.07743067628029676 0.07018915364709478 0.12777170428993206 0.13731774463557841 0.11587043373975027 0.1145060837885533
0.07021869574798303 0.06578921711089203 0.0706933624241305 0.10708331438366768 0.0653000361259732 0.05650068952023763 0.05859131507015815 0.0 0.0 0.2467489171207283 0.2367629851327159 0.23042728074556076 0.2542238302717794 0.09212996385711272 0.09100547734381675 0.08852435696922369 0.1643588293555012 0.16200814445418044 0.34234231520255526 0.09748295390524801 0.1040763256087906 0.1639430347552043 0.165076749581152 0.16936568918305514 0.08285182863895112 0.26184164824983513 0.08620650426328894 0.08312375313283098 0.08793049603633525 0.0980056896712113 0.0962273014169143 0.0807791338687339 0.08144969121301458 0.05238429172510079 0.05326975149815513 0.0820742939186655 0.05192144751603938 0.0 0.09201371320890887 0.08038334829525139 0.051747047763917434 0.05186723502849275 0.0 0.0 0.05141732081827473 0.07276617116293467 0.06936135581865568 0.06936690392816094 0.07281345291241677 0.07767837593414548 0.14902762099873426 0.1177968080071952 0.11090050108033297 0.0984898813965258
0.07427021948266803 0.07130622421782615 0.0761580096706722 0.18481235961136436 0.0 0.2184580638156566 0.15018936299334834 0.0 0.0 0.07003294446841107 0.06284690710630678 0.20017788775604653 0.24641931131919428 0.07259726985284268 0.07677129391983803 0.07660964117349783 0.14234156526893474 0.1406212647575182 0.14282746735238233 0.14667839870954066 0.2003820404822198 0.17314644743692661 0.18070144541856026 0.24269695782128692 0.08656832308907508 0.05239925195821175 0.0528536897216333 0.052081706569735584 0.05187300255551826 0.051726968744495824 0.051710482618062166 0.05183135344590446 0.0684473817700275 0.07152786431637784 0.07790757393304422 0.12227146682018969 0.06827262234793079 0.08547851719319238 0.1532287558742253 0.12894524405726504 0.051467979767537864 0.0 0.0 0.0 0.0 0.0697376057161068 0.07144599498409203 0.14744208385539306 0.07748054723888832 0.12715435005090306 0.11782918610603228 0.11761126611950475 0.11160421814260658 0.1107960756212606
0.07700569841878736 0.0 0.0 0.0 0.0 0.22945537812253824 0.057532116856368706 0.21484971359546323 0.17692036205664974 0.12282357794969187 0.07977868252322066 0.09947620635535252 0.0 0.09795587073761308 0.07867971522164115 0.14992869768249661 0.13777627861055453 0.1224887447789924 0.07332015385235979 0.0770927698227612 0.06967077170064077 0.07691244419801241 0.08844626891663457 0.09140061488252088 0.07829417106881223 0.08959448193932429 0.052187448836795526 0.0 0.0 0.0 0.0 0.0 0.051559526384952814 0.05150429328003522 0.051507914882219015 0.07030279152837966 0.06482441727442721 0.115038493902846 0.09969463546040763 0.10919101176558521 0.07268676481389626 0.06778571659633865 0.05159311118324017 0.0 0.0 0.051668337569643424 0.06991384777698889 0.12982037686435915 0.14202226891146966 0.13449817400952344 0.1352609206763456 0.1088005358528219 0.10961337986656518 0.11021207088848146
0.10812575940204242 0.09478203565855357 0.0 0.0 0.0 0.0 0.2127943002592339 0.061094806814400916 0.06452701450435416 0.06743299956579539 0.2543868499940015 0.0 0.2880362202036876 0.22887002630653694 0.21736979791984484 0.06813916834460998 0.0706497390787873 0.22419422034982037 0.2136585505074982 0.0 0.0 0.0 0.22446787506550975 0.09602605296624679 0.06918824830526342 0.07190727255517883 0.051652568853948234 0.0 0.0 0.0 0.0 0.0 0.0 0.05217793366497561 0.0 0.051383416131654584 0.05187557670571282 0.07108834705949196 0.11944829480710273 0.0698881499313387 0.07330198679249705 0.06603616411128158 0.0701697202125151 0.0696775243795621 0.07492848055292513 0.06940885336783145 0.10595244930407519 0.09661608126397592 0.10708618180971717 0.10327300877706148 0.10501678254839578 0.11390397803084126 0.1093966995468801 0.11207780711683676
0.1061323430238922 0.12243820923434617 0.08264057234544196 0.0 0.1739432348959222 0.21804550846054352 0.2071678242931174 0.09019115818348308 0.10277665610468041 0.06276911656244724 0.20239116780976926 0.0 0.27680311782689354 0.2083768706699141 0.06291236715171715 0.0640438693896543 0.21207685095747683 0.22659309563899535 0.0 0.0 0.0 0.0 0.0 0.0 0.0 0.0 0.0 0.0 0.0 0.0 0.0 0.05235603286706397 0.05234189663380136 0.0 0.0 0.0 0.0 0.05197432758239995 0.05217593094901305 0.0519826218412874 0.05185029535863992 0.05175842979887987 0.05162112075021621 0.06365332692199184 0.05162843074593674 0.07169506685881785 0.14081876939841967 0.11012886996016494 0.1194855187178727 0.10961839996409976 0.11465989517266394 0.08350602804754759 0.07811086615222455 0.09549967947101339
0.09621812543187376 0.07102248049163595 0.0 0.14458751167994918 0.15836379894154262 0.20710766326424543 0.0635279311327496 0.0631852761433823 0.10925043397177508 0.06283200392837901 0.2068817635535214 0.0 0.21519246970388653 0.20415901866808547 0.0663893182577219 0.22832029388195185 0.0 0.0 0.2546585219012795 0.2713664709127724 0.0 0.0 0.0 0.0 0.0 0.0 0.0 0.0 0.0 0.0 0.0 0.0 0.0 0.0 0.0 0.0 0.0 0.09546657834182598 0.12699029375871473 0.0515160897745685 0.05149804831837079 0.0 0.05168534521367608 0.0 0.0 0.0 0.1375095538479617 0.11731323990569245 0.11267617537104856 0.1253820449944765 0.12546881603388674 0.08665866970045089 0.08192689576727114 0.1299186584553725
0.0963718536910715 0.09189192732862109 0.0 0.15867866770556546 0.18994581923664622 0.20851727523699015 0.20790631241377486 0.07132577265396481 0.1068830599218332 0.06748530064583995 0.06589720879058852 0.07021585834983793 0.06445953328220726 0.06735164336436732 0.228063674315387 0.21787345202607997 0.257019061002232 0.24496158100140844 0.22480782475440586 0.27117670061203797 0.277402602583706 0.3052178936401927 0.3005443857147461 0.30324564096427603 0.0 0.0 0.05235682173533002 0.05303027235690726 0.05322355910772697 0.0 0.0 0.0 0.0 0.052042708507479045 0.052152035265832626 0.08881912251410005 0.07977415648151691 0.07178405918359812 0.0695858504915544 0.051525729604823135 0.051965410561935946 0.0 0.0 0.0 0.0 0.05166009981472837 0.1314470140623779 0.13368220656095697 0.13542569787126135 0.13452475059487684 0.1348810795409221 0.11827260818043307 0.12334906432809911 0.11387280366936788
0.06708506997446613 0.08448322169453763 0.0 0.07144380448587616 0.1677024702508106 0.19454572396884823 0.06708957189805911 0.06100368514167691 0.11849876469811725 0.12636532391391814 0.10871156759135 0.13219741491778003 0.07316951482434274 0.21118674073980373 0.22174135975396855 0.2509933153888633 0.23725236805201855 0.23694504265306046 0.10831441933155031 0.1039003286304637 0.31847176618752854 0.2696321090434405 0.278308506175028 0.259929766131657 0.25664004328252427 0.2004997636842276 0.10958004671135745 0.052720292225168566 0.05284965259034705 0.05226779717461915 0.0532407000403316 0.05285511618366967 0.05197763563847807 0.06844356315726624 0.06817889635302901 0.06740942114598866 0.05147985657040545 0.08215228406510096 0.052264368401665144 0.0516529048222172 0.0 0.0 0.0 0.0 0.0 0.07352963086884992 0.07439318664397887 0.12102752926656249 0.14118672782543196 0.13145449028692047 0.146640337994274 0.13843758347980237 0.12315828639823968 0.12043740793376562
0.0 0.0 0.0 0.0 0.0 0.08186394169170351 0.08480572783803993 0.06251837454254577 0.1237868856743924 0.11707929097270871 0.1097803039472992 0.1351543966757804 0.07353233102846915 0.06950695737584156 0.07431737645542158 0.07494891538342933 0.0888912574218212 0.08122141329725527 0.07928632621064718 0.26774994854390466 0.28353618936935265 0.2494435228823724 0.1042225845517947 0.0 0.2661112297773733 0.22394362047831823 0.1832915903112835 0.13140537530693588 0.08165478672355168 0.08824424552097465 0.08805002232292725 0.0527153788604371 0.05164019401519074 0.07041242430353098 0.05139861725589856 0.05149161350413601 0.0 0.05208240716050073 0.05242639285910063 0.0 0.0 0.0 0.0 0.0 0.051876603434911676 0.12685498538142975 0.144767531999913 0.1348874912089515 0.12833301978128114 0.1343518262140479 0.14027951854915388 0.13376649215153136 0.12913010329723423 0.14968652386927062
